100
683163086
0 0.00426319 0.062885 0.00426319
10833740 -0.00852691 0.0447656 -0.00319792
19134521 -0.0330416 0.0223825 0.00319739
30914306 -0.0437001 0.00213159 -0.00639531
40893554 -0.0437001 -0.0138564 -0.00106633
50476074 -0.0223831 -0.0532925 -0.00213213
60943603 0.0106582 -0.0138564 -0.0117248
71014404 0.033041 0.0447656 0.00213159
81024169 0.0468972 0.0309094 0.0149214
91033935 0.0564899 0.0309094 0.00532899
101043701 0.0415677 0.0373045 -0.0170538
111053466 0.0159872 0.033041 -0.0213173
121063232 0.0010658 0.0298436 -0.0255805
131072998 -0.00319792 0.0106582 -0.0426343
141113281 -0.015988 -0.015988 -0.0458319
151123046 -0.0415685 0 -0.0277126
161132812 -0.0607536 0.0266457 -0.00319792
171173095 -0.0554246 -0.00746111 0
181152343 -0.0511609 -0.0287784 -0.0117248
191070556 -0.0500951 -0.0170538 -0.0127906
201232910 -0.0383711 0.00319739 -0.0117248
210693359 -0.0255805 0 0
214965820 0.00213159 -0.00852691 -0.0234489
231262207 0.033041 -0.0213173 -0.0394369
241302490 0.017053 0.0415677 -0.0234489
251098632 0 0.0937944 -0.00213213
261352539 -0.00213213 0.084202 0.00426319
271362304 -0.00852691 0.0522262 0.0106582
281372070 -0.0127906 0.0245141 0.017053
291412353 -0.0213173 -0.00852691 0.00319739
301422119 -0.0394369 -0.0415685 -0.00319792
311401367 -0.058622 -0.0415685 -0.0149222
315979003 -0.0650174 -0.00639531 -0.00746111
331451416 -0.0468977 0.0405019 -0.00426372
341491699 -0.0234489 0.0596873 0.00426319
351501464 -0.0181199 0.0500946 0.0181193
361511230 -0.0138564 0.047963 0.0127898
371490478 -0.00426372 0.017053 0.00852638
381591796 0.00639478 -0.0319758 -0.00426372
391571044 0.0106582 -0.0287784 -0.0170538
401580810 0.00639478 -0.00532952 -0.00639531
409698486 0.0127898 0.0106582 -0.00639531
419738769 0.0234483 0.0255799 -0.00213213
431671142 0.033041 0.0341068 0.00213159
441680908 0.0511604 0.047963 0.0245141
451690673 0.0575557 0.0543583 0.0383703
461547851 0.0767409 0.0362387 0.0362387
471557617 0.0724777 0.0277121 0.00426319
480255127 0.0447656 0.00532899 -0.00746111
491760253 0.0213167 0.0149214 -0.0170538
501800537 0.00959244 0.0415677 -0.0127906
511230468 -0.00426372 0.0500946 0
521820068 -0.00532952 0.0554241 0.00959244
531829834 -0.00532952 0.0756751 0.0138556
541870117 -0.0170538 0.0671481 0.0255799
551757812 -0.0405027 0.0543583 0.017053
561859130 -0.0703463 0.0468972 0.0010658
566192627 -0.078873 0.0245141 -0.0149222
581939697 -0.0660831 0.0298436 -0.0532925
591949462 -0.073544 0.0277121 -0.0554246
599884033 -0.078873 0.00213159 -0.0298442
611999511 -0.0746098 -0.00106633 0
622039794 -0.0511609 0.0671481 0.0245141
631866455 -0.0287784 0.101256 0.0373045
642059326 -0.0117248 0.084202 0.0405019
652069091 -0.010659 0.0362387 0.0223825
662109375 -0.0373053 -0.0458319 -0.00639531
671844482 -0.0532925 -0.150285 -0.0373053
681915283 -0.0479635 -0.21317 -0.0458319
690979003 -0.0415685 -0.260068 -0.0362395
701995849 -0.0405027 -0.295241 0.00746058
711975097 -0.0213173 -0.205709 0.00852638
722015380 0 -0.0607536 -0.00532952
732238769 0.00426319 0.0149214 0.00639478
742248535 0.00639478 0.0319752 0.0149214
752105712 -0.015988 0.0373045 0.00213159
761962890 -0.00532952 0.0223825 0.0255799
769226074 -0.0447661 0.0373045 -0.0479635
782135009 -0.104453 -0.0468977 -0.0820709
792144775 -0.116178 -0.227026 -0.00639531
800781250 -0.089532 -0.18759 0.0191851
812194824 -0.0607536 -0.0650174 0.00532899
820007324 -0.0458319 -0.0767414 -0.0383711
832183837 -0.0543588 -0.137495 -0.0607536
842224121 -0.0863341 -0.150285 -0.03091
852233886 -0.117244 -0.115112 -0.00959324
862304687 -0.14389 -0.0724782 0.00426319
872283935 -0.152417 -0.0532925 -0.00532952
882293701 -0.160944 -0.0255805 -0.0117248
892303466 -0.146022 0.00426319 -0.010659
902557373 -0.0724782 0.0436993 -0.0117248
912475586 0.0138556 0.0511604 0.0010658
922363281 0.0895312 0.0650166 -0.00532952
932434082 0.118309 0.0490288 -0.0117248
942474365 0.0724777 -0.0245147 -0.00852691
972320556 0.0405019 0.00639478 -0.00319792
982727050 0.00532899 0 0.00532899
992553711 -0.0319758 -0.0873999 0.0127898
1002532959 -0.0458319 -0.165207 -0.00959324
1011291503 -0.0607536 -0.149219 -0.0287784

capture timestamp 683163086
user press timestamp = 18446742478109850691
total gyro samples 100
